0.071574,0.072101,0.067709,0.072251,0.044625,0.035298,0.048035,0.053882,0.044434,0.075693,0.060544,0.073938,0.040926,0.02435,0.046594,0.042911,0.056217,0.038303,0.016428,0.05025,0.023874,0.037226,0.022397,0.046781,0.041009,0.021136,0.07102,0.082591,0.08133,0.087939,0.064079,0.067317,0.031161,0.015658,0.013716,0.059051,0.036483,0.052346,0.029219,0.044397,0.020181,0.027405,0.043505,0.022114,0.059548,0.048825,0.044878,0.055338,0.037296,0.075716,0.077679,0.096843,0.070246,0.056131,0.02153,0.054804,0.075395,0.094274,0.067825,0.081081
0.06911,0.069557,0.060046,0.069291,0.040524,0.052574,0.047223,0.040331,0.036067,0.050122,0.024806,0.026692,0.016528,0.027585,0.048829,0.047052,0.054053,0.04482,0.029602,0.019022,0.017302,0.03153,0.046777,0.065889,0.062757,0.034178,0.070142,0.073981,0.080511,0.071906,0.050582,0.067834,0.026811,0.023854,0.028595,0.028453,0.034729,0.045882,0.026438,0.013882,0.0188,0.039719,0.013305,0.023054,0.021552,0.03058,0.014492,0.019541,0.0258,0.060971,0.065501,0.069742,0.07489,0.033326,0.02974,0.086529,0.10755,0.098546,0.093405,0.078793
0.060284,0.038186,0.032949,0.037686,0.030962,0.037561,0.028312,0.051506,0.028493,0.028829,0.04954,0.037528,0.02296,0.057152,0.059222,0.054917,0.048115,0.053959,0.041738,0.017527,0.019248,0.030156,0.059099,0.079264,0.081364,0.058272,0.075528,0.043777,0.065046,0.05184,0.046445,0.055141,0.026754,0.031372,0.055073,0.02428,0.036968,0.052117,0.038283,0.022378,0.030425,0.016532,0.017494,0.033304,0.026526,0.01878,0.023508,0.012817,0.046986,0.040825,0.071321,0.053771,0.057169,0.029384,0.028933,0.086997,0.1213,0.085969,0.074944,0.06953
0.021773,0.029617,0.030816,0.02112,0.022401,0.024905,0.028675,0.058087,0.024427,0.043885,0.065201,0.043888,0.043942,0.064216,0.05424,0.053561,0.047456,0.062628,0.047934,0.029353,0.015645,0.029035,0.059354,0.073262,0.065512,0.067671,0.075922,0.057972,0.073653,0.058434,0.060753,0.068523,0.035919,0.050728,0.056971,0.037517,0.029749,0.052054,0.038759,0.021835,0.031344,0.023275,0.02443,0.020209,0.020547,0.030187,0.029204,0.026305,0.042525,0.03271,0.053495,0.039112,0.02941,0.019825,0.044821,0.097994,0.12789,0.094375,0.045086,0.042685
0.056173,0.065406,0.06763,0.048507,0.045067,0.025979,0.048148,0.063529,0.027579,0.057741,0.066966,0.054412,0.054795,0.052585,0.064791,0.061655,0.046963,0.068055,0.053695,0.038082,0.01467,0.036561,0.060198,0.071419,0.059236,0.052387,0.071908,0.074909,0.081771,0.049835,0.060189,0.063403,0.027856,0.04008,0.058999,0.035717,0.035235,0.048515,0.034611,0.014241,0.027548,0.023384,0.029715,0.026073,0.022112,0.033122,0.038909,0.019525,0.027926,0.012739,0.049571,0.036191,0.019926,0.019587,0.057449,0.077504,0.10148,0.06546,0.043501,0.021449
0.042444,0.055472,0.037823,0.028903,0.056474,0.035072,0.064152,0.075528,0.062456,0.051734,0.059588,0.049165,0.027215,0.053657,0.076852,0.066309,0.057107,0.072388,0.058999,0.03938,0.016708,0.032473,0.058125,0.065491,0.060081,0.037097,0.066599,0.058166,0.077691,0.041205,0.041843,0.049462,0.013401,0.026076,0.045522,0.030532,0.033693,0.045419,0.028461,0.018199,0.019482,0.017677,0.029318,0.016605,0.022823,0.031529,0.027166,0.015075,0.017373,0.016349,0.039712,0.021033,0.019976,0.031498,0.052383,0.053289,0.052292,0.02945,0.015436,0.036037
0.037606,0.045773,0.023601,0.043056,0.057483,0.07083,0.071359,0.08458,0.082983,0.036405,0.054701,0.026503,0.021621,0.036261,0.056934,0.038457,0.046713,0.06413,0.049094,0.023663,0.013857,0.017752,0.040959,0.046437,0.028579,0.035533,0.041133,0.054463,0.050387,0.034867,0.014983,0.030287,0.019662,0.044829,0.025487,0.02591,0.030201,0.042573,0.028647,0.017854,0.014346,0.025716,0.023532,0.02627,0.023891,0.030465,0.034382,0.019191,0.016052,0.019672,0.02551,0.025022,0.01749,0.02076,0.033125,0.0405,0.021847,0.013278,0.012947,0.023469
0.033229,0.028298,0.028875,0.042835,0.049834,0.072932,0.074423,0.094295,0.074513,0.041299,0.049647,0.022148,0.025414,0.027851,0.054582,0.038804,0.03084,0.036534,0.035352,0.022113,0.020481,0.015196,0.017033,0.028586,0.022257,0.020278,0.024234,0.050565,0.041352,0.03411,0.027042,0.014299,0.023799,0.045873,0.019498,0.028032,0.040374,0.053949,0.033629,0.035532,0.028964,0.039742,0.018927,0.018857,0.032145,0.031934,0.034515,0.025602,0.018223,0.028317,0.033105,0.032293,0.025084,0.025423,0.034136,0.040333,0.017947,0.021158,0.02581,0.041876
0.031145,0.020784,0.019703,0.026658,0.049197,0.050529,0.054404,0.072621,0.05728,0.0388,0.019139,0.017663,0.01337,0.030342,0.030491,0.019737,0.030745,0.031049,0.019931,0.017766,0.015429,0.014686,0.016422,0.015807,0.019226,0.021213,0.030607,0.045423,0.031756,0.035814,0.031576,0.016691,0.024315,0.041582,0.02294,0.018579,0.042732,0.050243,0.041138,0.055705,0.052604,0.061409,0.036365,0.015257,0.019061,0.021503,0.021953,0.019746,0.016807,0.03368,0.032737,0.029844,0.032345,0.040213,0.037437,0.027851,0.020595,0.029994,0.034655,0.037429
0.026831,0.025815,0.031632,0.014844,0.028368,0.029625,0.036671,0.04089,0.042765,0.028692,0.02114,0.025649,0.021956,0.024726,0.015393,0.021497,0.023454,0.025637,0.028002,0.026966,0.022707,0.017838,0.017641,0.022224,0.033098,0.021561,0.048062,0.057089,0.034512,0.040505,0.037464,0.026372,0.016724,0.039635,0.025435,0.018505,0.040819,0.047777,0.046297,0.055149,0.061852,0.074284,0.028751,0.014143,0.014026,0.023165,0.026932,0.021752,0.020005,0.046076,0.034838,0.03601,0.030986,0.050041,0.041819,0.019262,0.01281,0.029609,0.025387,0.030336
0.025501,0.041277,0.036092,0.015969,0.016511,0.013879,0.022457,0.023344,0.039513,0.028141,0.020021,0.037777,0.030986,0.016621,0.015166,0.01945,0.012548,0.032528,0.030672,0.034075,0.029475,0.019114,0.02562,0.037599,0.039745,0.0331,0.058836,0.090852,0.052928,0.05578,0.050767,0.034691,0.026008,0.036568,0.024562,0.019142,0.026209,0.032755,0.030433,0.042619,0.047954,0.050894,0.023103,0.015802,0.020055,0.014483,0.02114,0.018181,0.027463,0.038805,0.021857,0.020522,0.028803,0.047792,0.031157,0.01442,0.012496,0.029345,0.024484,0.030817
0.0165,0.022646,0.028912,0.023487,0.022208,0.017763,0.030818,0.025112,0.022563,0.01874,0.037872,0.039109,0.034655,0.027223,0.014092,0.014896,0.012988,0.026867,0.022694,0.041281,0.033289,0.015595,0.031071,0.037085,0.03539,0.048597,0.067555,0.10138,0.068355,0.076123,0.064541,0.038714,0.029611,0.026399,0.032846,0.034824,0.029657,0.016905,0.024971,0.034218,0.041891,0.039395,0.020941,0.020328,0.016536,0.014937,0.017624,0.019135,0.016351,0.029856,0.027523,0.021918,0.019707,0.026284,0.019757,0.01659,0.013541,0.016194,0.020691,0.027595
0.019812,0.019784,0.028642,0.026375,0.020524,0.016315,0.02716,0.032448,0.021882,0.015197,0.025903,0.047521,0.058716,0.02745,0.022903,0.031706,0.020971,0.025181,0.020146,0.033191,0.034538,0.023649,0.018604,0.043805,0.031963,0.036616,0.068681,0.084102,0.072343,0.072895,0.053044,0.044828,0.017828,0.028091,0.026377,0.021318,0.020456,0.017889,0.016213,0.014865,0.032139,0.031998,0.021463,0.027741,0.019086,0.022832,0.014688,0.015672,0.019304,0.024273,0.030883,0.012692,0.026019,0.027961,0.027065,0.021738,0.020406,0.022265,0.035606,0.043409
0.032264,0.031843,0.038583,0.020587,0.017271,0.015999,0.028189,0.026958,0.024181,0.014761,0.033079,0.036469,0.0415,0.02858,0.022673,0.026197,0.026653,0.021,0.027595,0.02251,0.02231,0.017664,0.02941,0.032795,0.022929,0.02879,0.050634,0.060894,0.05704,0.065224,0.046245,0.02519,0.016031,0.032532,0.022872,0.018574,0.013322,0.02033,0.021919,0.020297,0.03064,0.026939,0.027057,0.0376,0.034897,0.030203,0.014017,0.012607,0.013127,0.021253,0.027126,0.018876,0.025293,0.03619,0.026508,0.017923,0.020508,0.033643,0.026741,0.036446
0.026127,0.023037,0.023931,0.019201,0.018816,0.014839,0.017782,0.030324,0.029818,0.013986,0.025435,0.027287,0.022914,0.022613,0.029815,0.041091,0.03361,0.020559,0.021618,0.019638,0.016713,0.017223,0.031845,0.022393,0.023366,0.024819,0.039785,0.022331,0.031247,0.032914,0.025235,0.0133,0.024526,0.040509,0.026933,0.014965,0.019341,0.037462,0.02886,0.031299,0.030038,0.035327,0.031948,0.03893,0.036242,0.01974,0.015334,0.015757,0.028202,0.040379,0.036621,0.014962,0.033562,0.038287,0.033818,0.017141,0.022396,0.020494,0.029368,0.040841
0.01631,0.019158,0.036772,0.044868,0.039187,0.020265,0.022049,0.035024,0.027495,0.018252,0.017802,0.020774,0.015692,0.013393,0.024698,0.036103,0.026094,0.014431,0.013342,0.016643,0.014529,0.01622,0.026296,0.028765,0.038735,0.029456,0.043987,0.026573,0.019661,0.014507,0.013867,0.016261,0.030832,0.044462,0.024891,0.012554,0.030898,0.04687,0.03392,0.019322,0.029432,0.031249,0.026732,0.029039,0.013392,0.020894,0.013713,0.015317,0.025232,0.048161,0.043341,0.040755,0.060901,0.055624,0.036112,0.031986,0.028345,0.040419,0.031078,0.046386
0.022959,0.026178,0.043389,0.05001,0.044906,0.035433,0.030181,0.036299,0.030336,0.022092,0.01658,0.016612,0.017124,0.021758,0.023323,0.018467,0.017891,0.019491,0.012687,0.019964,0.015373,0.013957,0.028551,0.029174,0.037402,0.031959,0.03783,0.040792,0.028563,0.024791,0.02359,0.019836,0.028938,0.02337,0.018386,0.020104,0.043791,0.040125,0.034701,0.033409,0.028136,0.025277,0.018638,0.037159,0.022672,0.019918,0.016024,0.018637,0.026729,0.050038,0.047997,0.052988,0.064339,0.047603,0.042633,0.048021,0.045933,0.059299,0.049828,0.069258
0.031414,0.020847,0.03651,0.034354,0.039985,0.031675,0.02285,0.02435,0.031371,0.024013,0.014688,0.024169,0.021042,0.02359,0.015731,0.017829,0.013711,0.016995,0.012585,0.015739,0.024984,0.022466,0.039932,0.036126,0.049745,0.0393,0.050535,0.047536,0.041228,0.037514,0.021689,0.016216,0.017317,0.015348,0.026118,0.036186,0.044704,0.036271,0.024218,0.025185,0.02642,0.016806,0.019166,0.035107,0.036207,0.029061,0.044315,0.038707,0.041895,0.052627,0.057289,0.056276,0.070787,0.066685,0.052539,0.042851,0.040525,0.040683,0.042813,0.085366
0.025173,0.031487,0.031269,0.03445,0.041062,0.02284,0.022985,0.025273,0.027072,0.022509,0.015779,0.01569,0.019687,0.030571,0.024128,0.025332,0.018938,0.024384,0.01728,0.019022,0.027284,0.02771,0.037371,0.038371,0.055514,0.042486,0.060172,0.055336,0.054611,0.03819,0.020795,0.022261,0.021861,0.015769,0.033125,0.042898,0.047011,0.054754,0.038317,0.033376,0.0371,0.01876,0.030508,0.044187,0.048619,0.031392,0.057092,0.079896,0.067368,0.064383,0.087886,0.07476,0.07063,0.06376,0.02798,0.028489,0.059544,0.070964,0.050686,0.074516
0.038166,0.047716,0.029962,0.03631,0.043523,0.032414,0.016695,0.016179,0.022926,0.02278,0.015647,0.013555,0.022139,0.036463,0.039956,0.043121,0.041246,0.045136,0.024702,0.020457,0.034067,0.037737,0.04956,0.052357,0.043131,0.048116,0.068739,0.064222,0.055452,0.035039,0.027433,0.021051,0.01692,0.018353,0.035346,0.042814,0.042774,0.034883,0.024708,0.0334,0.041195,0.026844,0.043278,0.047691,0.048104,0.035995,0.066832,0.080882,0.095783,0.11137,0.10131,0.08511,0.084573,0.08101,0.016011,0.06128,0.12202,0.12898,0.085191,0.074565
0.038034,0.049516,0.058912,0.069141,0.063741,0.049689,0.014985,0.02367,0.024569,0.016193,0.020077,0.018799,0.016186,0.028508,0.048323,0.051718,0.052121,0.048322,0.03191,0.026945,0.039409,0.048958,0.050506,0.050174,0.03061,0.056112,0.066683,0.05647,0.053953,0.025697,0.01952,0.012877,0.024592,0.027592,0.024607,0.015875,0.021605,0.017079,0.014408,0.019189,0.025915,0.012897,0.030954,0.048999,0.039497,0.030715,0.044147,0.079856,0.10638,0.10809,0.10233,0.088606,0.093796,0.07166,0.014197,0.059115,0.12482,0.15029,0.10343,0.070872
0.036937,0.059605,0.074665,0.089681,0.086054,0.058341,0.028605,0.024261,0.020359,0.020173,0.017455,0.012547,0.021655,0.041446,0.056834,0.063165,0.058248,0.04765,0.039593,0.026472,0.018809,0.046149,0.042218,0.023723,0.025519,0.034663,0.05749,0.061671,0.038255,0.019911,0.015522,0.014099,0.021585,0.014682,0.018803,0.019233,0.031645,0.013411,0.013597,0.014236,0.014603,0.013805,0.025148,0.044961,0.030081,0.026046,0.030852,0.063437,0.095723,0.099672,0.10458,0.085988,0.064955,0.033486,0.022618,0.045975,0.085655,0.12262,0.094609,0.057466
0.033035,0.056684,0.065968,0.082395,0.079811,0.056739,0.026968,0.021859,0.024674,0.022903,0.015384,0.016827,0.023541,0.034313,0.058186,0.066364,0.070121,0.052881,0.03412,0.022677,0.013773,0.025406,0.027864,0.016146,0.026426,0.023273,0.038421,0.044906,0.037375,0.024875,0.015152,0.016065,0.012812,0.025304,0.021897,0.020163,0.034523,0.017781,0.017699,0.015667,0.014222,0.012802,0.024752,0.021401,0.027493,0.025461,0.02129,0.056366,0.079296,0.075254,0.061586,0.066964,0.056205,0.026176,0.02445,0.03594,0.043481,0.07143,0.057389,0.03708
0.024164,0.037374,0.044632,0.05765,0.052545,0.039216,0.022904,0.024336,0.025429,0.020746,0.019851,0.013846,0.013585,0.035563,0.054728,0.057134,0.050895,0.041228,0.016519,0.022832,0.02022,0.0147,0.020959,0.031634,0.042587,0.031028,0.024542,0.050064,0.041268,0.02576,0.024418,0.027303,0.019137,0.013233,0.015574,0.02629,0.035258,0.027056,0.033053,0.032172,0.01892,0.013712,0.01838,0.023452,0.023052,0.019898,0.03604,0.033511,0.035298,0.053805,0.038108,0.055308,0.03677,0.019432,0.015105,0.014255,0.0318,0.026217,0.019498,0.029829
0.025816,0.03192,0.031662,0.041766,0.035415,0.026955,0.019327,0.023535,0.026421,0.026269,0.014204,0.014774,0.014083,0.019017,0.029693,0.027895,0.032791,0.033078,0.012468,0.016965,0.01313,0.013586,0.012858,0.038132,0.055368,0.047587,0.04461,0.04679,0.055433,0.055522,0.058673,0.048343,0.042205,0.018773,0.016071,0.029563,0.040707,0.044093,0.037814,0.031737,0.017855,0.019161,0.020427,0.02729,0.022768,0.015916,0.017956,0.01632,0.014899,0.029352,0.03943,0.04518,0.040624,0.030768,0.017693,0.013339,0.025075,0.01709,0.021777,0.027338
0.015085,0.018205,0.015694,0.015882,0.014102,0.014822,0.013799,0.017608,0.020545,0.023401,0.020696,0.021704,0.021063,0.026924,0.017512,0.016683,0.0199,0.0153,0.014998,0.023542,0.015117,0.020414,0.024152,0.05535,0.081253,0.090102,0.10451,0.11533,0.11886,0.10635,0.10695,0.10119,0.068559,0.026512,0.020415,0.029769,0.030446,0.039123,0.029089,0.034024,0.021205,0.022924,0.031567,0.042471,0.040697,0.043629,0.03459,0.013336,0.013402,0.025447,0.04874,0.052379,0.052543,0.037388,0.039709,0.017702,0.016714,0.028359,0.036546,0.035613
0.029519,0.021099,0.02077,0.013805,0.015658,0.021326,0.03016,0.028527,0.022403,0.020366,0.020445,0.025096,0.021265,0.021529,0.027551,0.034524,0.045002,0.024279,0.022951,0.032268,0.026217,0.038134,0.052851,0.077164,0.12247,0.14266,0.17107,0.18069,0.20213,0.17507,0.15637,0.14015,0.093179,0.051029,0.017163,0.021822,0.024305,0.018218,0.030745,0.033779,0.028105,0.026728,0.03007,0.04344,0.04756,0.069572,0.053488,0.027217,0.017718,0.030092,0.049774,0.054451,0.054801,0.048704,0.036791,0.016375,0.024729,0.01827,0.025611,0.041709
0.025298,0.025675,0.02378,0.016597,0.016887,0.027953,0.041936,0.032474,0.021271,0.020788,0.016913,0.02817,0.023068,0.016503,0.030496,0.050807,0.066732,0.041317,0.032322,0.041845,0.029451,0.08405,0.12804,0.15732,0.22717,0.22573,0.24845,0.26336,0.24712,0.22854,0.18568,0.14507,0.09895,0.070369,0.028306,0.012901,0.016197,0.0224,0.025385,0.039705,0.044885,0.047614,0.045522,0.039791,0.058173,0.077428,0.089311,0.071377,0.065077,0.077067,0.082773,0.080921,0.074407,0.049222,0.026195,0.021666,0.031425,0.045423,0.022687,0.042694
0.024121,0.028127,0.025184,0.021738,0.016741,0.028501,0.044928,0.044639,0.037673,0.035557,0.028388,0.022617,0.019858,0.01645,0.028773,0.041387,0.049409,0.04267,0.03533,0.050195,0.090732,0.17906,0.25738,0.28901,0.34945,0.34323,0.33231,0.31614,0.25736,0.25381,0.17684,0.13434,0.11127,0.071351,0.047535,0.042479,0.026135,0.040159,0.051163,0.074527,0.10393,0.12641,0.14985,0.15021,0.12816,0.08579,0.059287,0.085834,0.10138,0.11088,0.10503,0.11118,0.096352,0.074017,0.055885,0.04405,0.037489,0.039365,0.020902,0.043022
0.025021,0.031132,0.040516,0.027144,0.014829,0.029981,0.041313,0.048756,0.044379,0.036231,0.025878,0.022602,0.029625,0.016734,0.018122,0.03501,0.039584,0.047593,0.04274,0.070847,0.14642,0.27463,0.37035,0.41789,0.43778,0.39538,0.35672,0.3216,0.24588,0.21075,0.15277,0.12971,0.11473,0.073131,0.07375,0.084008,0.090124,0.11611,0.11761,0.14858,0.18028,0.20481,0.2382,0.25246,0.25864,0.21235,0.10454,0.068709,0.11878,0.12749,0.11418,0.11986,0.13092,0.088797,0.065643,0.045281,0.05449,0.036568,0.02637,0.036197
0.033047,0.043666,0.048066,0.032544,0.022092,0.043428,0.050478,0.060531,0.059093,0.03971,0.018417,0.035292,0.035761,0.020732,0.014023,0.055065,0.063273,0.081583,0.065513,0.057645,0.12968,0.21749,0.38895,0.42357,0.43451,0.36175,0.27166,0.2483,0.19353,0.1486,0.12443,0.13644,0.13923,0.10791,0.10854,0.12396,0.17584,0.21641,0.24396,0.3099,0.44141,0.48367,0.45401,0.37415,0.34967,0.35605,0.24406,0.091415,0.054022,0.1078,0.10126,0.094159,0.10486,0.10166,0.063776,0.03231,0.038106,0.038729,0.017025,0.043822
0.038248,0.043337,0.045963,0.02164,0.024513,0.050298,0.050874,0.066825,0.062407,0.042778,0.020178,0.036868,0.04381,0.029256,0.028761,0.077693,0.11436,0.11364,0.097506,0.065643,0.064124,0.13872,0.28794,0.31864,0.32078,0.23016,0.15237,0.13608,0.13471,0.11077,0.10707,0.12697,0.18812,0.20014,0.20348,0.22152,0.28779,0.3603,0.42472,0.5562,0.66604,0.64835,0.64872,0.65953,0.48522,0.41931,0.36094,0.18014,0.034303,0.042382,0.053683,0.065981,0.082959,0.095485,0.049109,0.015853,0.015139,0.020182,0.019273,0.034471
0.045442,0.049264,0.039079,0.015736,0.023718,0.053045,0.053104,0.07119,0.071581,0.054576,0.027702,0.038347,0.037439,0.029666,0.044153,0.083929,0.12674,0.11652,0.10012,0.087527,0.046163,0.078134,0.15527,0.17812,0.19209,0.11459,0.067141,0.089652,0.085006,0.064847,0.074477,0.11154,0.20686,0.25349,0.28422,0.30507,0.34687,0.41675,0.51974,0.67126,0.61882,0.53958,0.52306,0.62807,0.61674,0.44,0.37412,0.23377,0.080271,0.01961,0.02864,0.024217,0.052753,0.076879,0.047957,0.034342,0.016886,0.029886,0.030157,0.027954
0.058621,0.04471,0.017192,0.017903,0.033152,0.049958,0.058749,0.076993,0.0723,0.064789,0.042187,0.037882,0.042268,0.04699,0.065579,0.081669,0.1012,0.096907,0.091247,0.080068,0.046504,0.021517,0.054653,0.068203,0.054917,0.025275,0.03714,0.029177,0.031973,0.023773,0.06207,0.15567,0.25103,0.33274,0.40448,0.41411,0.39238,0.41194,0.49647,0.66398,0.62979,0.52952,0.50054,0.60549,0.6447,0.41507,0.35897,0.23849,0.084537,0.015701,0.01976,0.013441,0.052712,0.06614,0.041232,0.016204,0.019812,0.032577,0.02503,0.020085
0.050287,0.029002,0.015272,0.031107,0.036953,0.054901,0.058766,0.067683,0.063705,0.066393,0.055547,0.057336,0.049381,0.066594,0.069881,0.083829,0.09708,0.099266,0.095611,0.085579,0.060388,0.030093,0.020088,0.020443,0.019262,0.037009,0.034081,0.018042,0.040735,0.041504,0.11526,0.21862,0.30727,0.39972,0.52432,0.51697,0.42312,0.358,0.38281,0.53266,0.6577,0.6242,0.57787,0.6383,0.6008,0.42264,0.34076,0.23043,0.096345,0.013218,0.025816,0.017359,0.046253,0.058713,0.031588,0.016578,0.015338,0.036811,0.037337,0.017434
0.040516,0.017659,0.024462,0.034165,0.041902,0.052808,0.048756,0.049247,0.052096,0.067774,0.067884,0.072205,0.069154,0.08168,0.077572,0.068221,0.084037,0.10236,0.10111,0.095078,0.078387,0.041603,0.031725,0.026,0.023257,0.051893,0.044477,0.073917,0.082875,0.061261,0.13034,0.24465,0.31259,0.42148,0.55554,0.55135,0.42827,0.32814,0.28533,0.3234,0.44825,0.62573,0.65428,0.6294,0.51066,0.39395,0.32819,0.20869,0.081989,0.025764,0.038633,0.017484,0.03634,0.039442,0.036855,0.018478,0.023387,0.023829,0.027209,0.020171
0.032021,0.014223,0.023661,0.019237,0.041233,0.046051,0.033267,0.033407,0.029507,0.045909,0.057828,0.068937,0.073099,0.070488,0.061103,0.053783,0.080207,0.097179,0.099426,0.087926,0.066191,0.050758,0.022946,0.020284,0.042657,0.090268,0.08509,0.11991,0.11617,0.092544,0.14266,0.20413,0.23292,0.34116,0.45335,0.48686,0.41903,0.34654,0.2614,0.15879,0.22744,0.36531,0.41096,0.41325,0.40146,0.36354,0.29235,0.17566,0.079492,0.047488,0.059347,0.015998,0.030141,0.036038,0.033253,0.029204,0.01421,0.015093,0.015381,0.016025
0.030185,0.013574,0.018559,0.015248,0.032834,0.028064,0.013275,0.015107,0.020698,0.033863,0.04861,0.062249,0.067228,0.060901,0.045584,0.048044,0.066733,0.08627,0.08347,0.067708,0.058996,0.033029,0.020683,0.034111,0.082409,0.1249,0.14124,0.17078,0.1494,0.12414,0.14659,0.16019,0.15729,0.21605,0.31687,0.3835,0.37366,0.34128,0.25793,0.10986,0.11422,0.2029,0.2274,0.26128,0.32543,0.31375,0.24346,0.14583,0.069029,0.071221,0.056302,0.019369,0.028332,0.033398,0.026701,0.024632,0.014602,0.020779,0.02177,0.013382
0.026496,0.016328,0.026601,0.019649,0.022527,0.024947,0.018953,0.023298,0.019074,0.030579,0.037831,0.058649,0.059945,0.062702,0.059873,0.070793,0.068573,0.083467,0.067422,0.066545,0.042893,0.028613,0.065054,0.076715,0.1285,0.18521,0.1917,0.20077,0.18787,0.15889,0.15462,0.13045,0.10723,0.11113,0.17601,0.26771,0.31267,0.30731,0.21769,0.10128,0.059591,0.12669,0.13361,0.16404,0.21037,0.21526,0.17095,0.096063,0.038768,0.049554,0.051338,0.026275,0.025699,0.043485,0.025734,0.018005,0.019375,0.026977,0.020716,0.01733
0.016836,0.016436,0.027925,0.02535,0.029843,0.028182,0.016747,0.019529,0.015424,0.02487,0.036485,0.044393,0.037449,0.059202,0.084234,0.12017,0.13085,0.12689,0.097418,0.092301,0.082464,0.06977,0.08563,0.096577,0.14742,0.21889,0.25146,0.23735,0.20772,0.18464,0.18676,0.15551,0.11727,0.083274,0.10854,0.15684,0.19649,0.19177,0.13279,0.057838,0.046034,0.049703,0.049826,0.055166,0.093226,0.078673,0.082662,0.068296,0.029075,0.022374,0.037734,0.020907,0.022853,0.033607,0.015794,0.026956,0.016307,0.024618,0.023137,0.021793
0.017472,0.024025,0.034755,0.041349,0.050389,0.055527,0.056933,0.052485,0.038933,0.020427,0.017639,0.030451,0.029504,0.042177,0.099987,0.14899,0.17753,0.18078,0.14128,0.13116,0.11133,0.10403,0.090067,0.075096,0.10716,0.2088,0.26194,0.25614,0.21444,0.20181,0.20627,0.19182,0.16039,0.12179,0.12142,0.094375,0.087199,0.074902,0.064525,0.021031,0.033243,0.034682,0.042238,0.064111,0.068446,0.075349,0.088157,0.099366,0.058312,0.021878,0.017678,0.014362,0.025119,0.027879,0.022705,0.020666,0.018506,0.018009,0.021588,0.026865
0.069763,0.061987,0.066815,0.079219,0.090661,0.11374,0.11899,0.11249,0.086344,0.046983,0.023657,0.021847,0.018598,0.038999,0.091134,0.14967,0.18854,0.20769,0.16116,0.14006,0.12592,0.11007,0.0829,0.040701,0.075098,0.18571,0.25503,0.25723,0.21091,0.18817,0.20467,0.20055,0.17943,0.16235,0.15741,0.11119,0.096655,0.088551,0.056121,0.031814,0.035329,0.056543,0.093463,0.13961,0.16095,0.14202,0.13695,0.12137,0.086804,0.074826,0.035155,0.02854,0.0381,0.016866,0.03353,0.016939,0.019261,0.019106,0.015758,0.02714
0.16853,0.10854,0.092175,0.08686,0.11757,0.15991,0.18373,0.17214,0.12303,0.065076,0.040735,0.019064,0.02333,0.037193,0.071513,0.12776,0.17873,0.18307,0.15554,0.13832,0.11738,0.09096,0.077442,0.030866,0.039139,0.12195,0.17863,0.18672,0.17054,0.15163,0.1712,0.16916,0.16517,0.15165,0.14973,0.12262,0.10128,0.090258,0.055798,0.030042,0.030216,0.067393,0.11361,0.16604,0.18184,0.17177,0.15556,0.13168,0.1292,0.12393,0.072622,0.047101,0.055136,0.022462,0.01506,0.014823,0.026504,0.015841,0.016717,0.015107
0.3121,0.16431,0.10438,0.085767,0.11269,0.1718,0.205,0.19213,0.13733,0.09268,0.072897,0.04484,0.02862,0.044324,0.052442,0.10269,0.14118,0.13871,0.12876,0.11663,0.10394,0.071719,0.063614,0.054778,0.043663,0.065883,0.086847,0.10325,0.11289,0.11177,0.12326,0.12457,0.12808,0.12202,0.13016,0.11239,0.091852,0.063031,0.036794,0.044188,0.050549,0.064448,0.092367,0.15558,0.19526,0.20492,0.18557,0.17789,0.17337,0.16142,0.10639,0.080246,0.071605,0.04026,0.0221,0.020118,0.039622,0.029346,0.026198,0.025119
0.42627,0.2162,0.13644,0.080001,0.079916,0.13829,0.16967,0.15725,0.10795,0.10252,0.10163,0.073017,0.047015,0.044078,0.051981,0.090624,0.11611,0.12973,0.11954,0.11222,0.10603,0.079793,0.054991,0.071521,0.08004,0.099583,0.092894,0.11063,0.097104,0.089834,0.087474,0.085977,0.092962,0.096175,0.099615,0.089053,0.086231,0.050197,0.043272,0.060545,0.063796,0.064549,0.072871,0.14661,0.21638,0.25305,0.24958,0.24469,0.19979,0.18484,0.11185,0.10537,0.099561,0.052748,0.04808,0.039038,0.034936,0.044923,0.042285,0.037614
0.4416,0.22797,0.16491,0.1035,0.079688,0.12463,0.12747,0.10767,0.10885,0.12328,0.11522,0.09559,0.050529,0.043649,0.057208,0.081926,0.10675,0.12458,0.13796,0.12812,0.10756,0.091056,0.06676,0.086391,0.11645,0.15128,0.15328,0.15669,0.13453,0.10821,0.082901,0.058649,0.057149,0.069296,0.072371,0.069049,0.049373,0.030774,0.04554,0.056295,0.052238,0.048648,0.077528,0.14326,0.21342,0.27538,0.27716,0.27075,0.23443,0.20265,0.13858,0.156,0.12246,0.073946,0.064769,0.037787,0.040422,0.037909,0.058053,0.055325
0.35826,0.20667,0.15855,0.12781,0.1096,0.14289,0.11695,0.1011,0.13642,0.1459,0.12342,0.091057,0.04998,0.034943,0.027604,0.05559,0.083882,0.10023,0.12172,0.11364,0.11227,0.10914,0.087064,0.10036,0.15238,0.1783,0.17105,0.17566,0.14877,0.1235,0.080906,0.041452,0.017597,0.042823,0.046524,0.04997,0.036416,0.031722,0.047455,0.038532,0.02526,0.046848,0.074452,0.13336,0.21167,0.26454,0.26609,0.26909,0.24499,0.21394,0.18478,0.1723,0.13047,0.10168,0.08828,0.035434,0.02007,0.04865,0.064572,0.064106
0.25026,0.16564,0.13442,0.11716,0.13469,0.14509,0.12327,0.11539,0.15694,0.13477,0.11479,0.06479,0.042277,0.038578,0.017181,0.063009,0.062398,0.06178,0.071211,0.074779,0.089784,0.096899,0.088457,0.13256,0.15791,0.16442,0.15767,0.15909,0.14885,0.12182,0.072856,0.029197,0.021506,0.0218,0.027323,0.033491,0.029847,0.020234,0.029581,0.032654,0.017067,0.043857,0.077983,0.11539,0.15056,0.19724,0.20588,0.22205,0.20895,0.18807,0.15815,0.14099,0.10184,0.082507,0.078259,0.034414,0.021575,0.056465,0.073325,0.055004
0.18027,0.12823,0.090432,0.07699,0.1021,0.083575,0.094281,0.1221,0.14653,0.10169,0.076915,0.033514,0.041223,0.053098,0.046728,0.09815,0.099327,0.070667,0.048586,0.051673,0.058948,0.0721,0.080814,0.098741,0.11632,0.12377,0.12249,0.124,0.11583,0.10451,0.084221,0.05371,0.047085,0.023654,0.02678,0.02919,0.026885,0.021042,0.01531,0.013366,0.014914,0.016531,0.045996,0.064202,0.074309,0.10254,0.12535,0.13989,0.13988,0.12034,0.095998,0.084474,0.074398,0.069859,0.050362,0.048599,0.044469,0.067795,0.072773,0.05636
0.12889,0.064662,0.022735,0.031948,0.048342,0.023953,0.098632,0.1305,0.11944,0.066277,0.044304,0.032792,0.042831,0.046592,0.052973,0.10654,0.10492,0.082444,0.057219,0.037621,0.028749,0.04144,0.062575,0.074651,0.08429,0.098524,0.085161,0.060653,0.054623,0.083317,0.065661,0.046515,0.0397,0.037494,0.042337,0.046509,0.02946,0.014984,0.016866,0.021574,0.022675,0.026434,0.016272,0.016532,0.034187,0.058922,0.088015,0.1053,0.10528,0.078088,0.067102,0.031642,0.029628,0.03636,0.024172,0.031766,0.028824,0.058041,0.047273,0.041714
0.11981,0.066959,0.053948,0.035923,0.022218,0.043763,0.10356,0.11633,0.096219,0.042597,0.024938,0.038721,0.031271,0.033278,0.061139,0.09354,0.08199,0.073354,0.051335,0.03634,0.031631,0.022525,0.047771,0.044596,0.060117,0.066548,0.066332,0.024544,0.03187,0.053093,0.064374,0.041386,0.018382,0.033574,0.044772,0.055338,0.042076,0.029354,0.018172,0.028111,0.031991,0.02947,0.029556,0.026363,0.052527,0.079884,0.10009,0.10362,0.097251,0.071793,0.074263,0.058454,0.022979,0.023171,0.01567,0.020143,0.034505,0.047557,0.030335,0.016582
0.17861,0.1216,0.078364,0.049256,0.022197,0.057752,0.089191,0.087575,0.057353,0.019884,0.048344,0.077933,0.070173,0.066983,0.092792,0.090303,0.082702,0.053511,0.049012,0.039925,0.035212,0.026293,0.036595,0.033432,0.046726,0.037096,0.026896,0.031838,0.060392,0.064776,0.065008,0.041948,0.024952,0.022125,0.038225,0.065374,0.056212,0.04382,0.020967,0.033618,0.030651,0.02163,0.030786,0.048565,0.078091,0.10095,0.11235,0.11276,0.11681,0.1063,0.090247,0.066381,0.034095,0.022,0.029845,0.033663,0.025577,0.026381,0.014748,0.02084
0.17502,0.11004,0.041424,0.044226,0.016742,0.042481,0.049463,0.039559,0.027901,0.043221,0.084162,0.10101,0.090312,0.072193,0.094382,0.095938,0.094389,0.053697,0.04943,0.04483,0.035974,0.019539,0.031359,0.03365,0.024461,0.043841,0.098636,0.10685,0.1088,0.10795,0.11658,0.11109,0.072262,0.021162,0.028034,0.044884,0.063407,0.063503,0.032746,0.019048,0.018523,0.023367,0.043139,0.068111,0.10949,0.12697,0.13786,0.13323,0.14459,0.12845,0.097303,0.059552,0.027744,0.031838,0.038806,0.040266,0.021063,0.0135,0.030921,0.033819
0.12581,0.076711,0.016749,0.037982,0.023772,0.046121,0.033964,0.024486,0.049038,0.071982,0.093475,0.1123,0.096412,0.075721,0.078044,0.088794,0.070317,0.039086,0.023801,0.03118,0.020018,0.017472,0.017127,0.014918,0.025204,0.081475,0.16431,0.1673,0.17194,0.17784,0.20841,0.17268,0.099878,0.037303,0.034261,0.053496,0.083791,0.10328,0.06737,0.04562,0.059494,0.073152,0.095986,0.098953,0.10747,0.11687,0.13375,0.14344,0.17397,0.15902,0.11713,0.0568,0.037671,0.037445,0.033712,0.023336,0.017741,0.019512,0.036805,0.041611
0.099253,0.097259,0.043649,0.065153,0.061841,0.064331,0.064265,0.057718,0.077911,0.081127,0.088199,0.10008,0.091298,0.061395,0.0754,0.073501,0.053769,0.027247,0.03115,0.014894,0.02976,0.012851,0.013729,0.018053,0.049758,0.096328,0.18108,0.21405,0.23643,0.25362,0.26537,0.211,0.11971,0.057409,0.077291,0.078899,0.10659,0.1353,0.10021,0.076842,0.075337,0.079155,0.11611,0.137,0.12571,0.10513,0.12635,0.1497,0.19406,0.18352,0.14733,0.090355,0.057478,0.043684,0.039144,0.023424,0.030066,0.019601,0.026934,0.038754
0.086734,0.081463,0.088503,0.091904,0.087485,0.09362,0.072619,0.07035,0.077846,0.075894,0.075335,0.080118,0.076089,0.054075,0.056723,0.049193,0.034331,0.035149,0.037249,0.025673,0.035163,0.016692,0.024328,0.035255,0.076011,0.11716,0.18289,0.22365,0.27526,0.27134,0.25432,0.17138,0.086889,0.070991,0.11453,0.090337,0.10231,0.14451,0.11681,0.084195,0.055442,0.056913,0.12461,0.17989,0.18857,0.16183,0.14475,0.12974,0.18523,0.18876,0.1727,0.11299,0.043512,0.030487,0.024141,0.021725,0.032554,0.020816,0.030054,0.029996
0.043067,0.067222,0.087573,0.086267,0.078534,0.074544,0.052409,0.051543,0.0578,0.0645,0.059859,0.062805,0.076521,0.054502,0.058663,0.054925,0.047792,0.051136,0.039302,0.046355,0.061493,0.034945,0.017561,0.033095,0.074653,0.10436,0.15964,0.19705,0.24318,0.24838,0.20111,0.10779,0.037167,0.070219,0.11726,0.066915,0.055909,0.11575,0.10116,0.070541,0.071845,0.066121,0.13251,0.20759,0.25216,0.25494,0.19789,0.15954,0.19025,0.20122,0.18302,0.11209,0.043313,0.027747,0.015687,0.019975,0.033604,0.026517,0.021912,0.038663
0.023889,0.046729,0.063413,0.051727,0.041367,0.031156,0.017327,0.026677,0.040875,0.043569,0.044704,0.058608,0.058826,0.049798,0.03863,0.03549,0.028485,0.035574,0.034632,0.056276,0.085373,0.060215,0.04498,0.036888,0.049074,0.07441,0.11432,0.13092,0.16709,0.16299,0.12056,0.041236,0.022033,0.067955,0.099696,0.066004,0.048182,0.091813,0.075727,0.080516,0.10094,0.081099,0.13135,0.2148,0.29772,0.31316,0.26991,0.20553,0.18886,0.19369,0.18149,0.10177,0.047712,0.03373,0.035166,0.03276,0.02631,0.028978,0.033285,0.037714
0.10174,0.076251,0.075715,0.066114,0.049248,0.053161,0.046636,0.037495,0.027706,0.035985,0.05264,0.067435,0.058095,0.055662,0.038843,0.033736,0.022644,0.016805,0.0401,0.076853,0.1019,0.09233,0.064645,0.050798,0.042557,0.042999,0.072771,0.086658,0.12017,0.10882,0.10145,0.078913,0.061088,0.063267,0.095497,0.038726,0.067882,0.08498,0.05728,0.083696,0.098003,0.071136,0.14495,0.25123,0.34005,0.35321,0.29147,0.21546,0.19702,0.19935,0.1838,0.099387,0.061416,0.054128,0.055509,0.051273,0.042974,0.053333,0.033532,0.033505
0.16857,0.076831,0.070075,0.066738,0.048266,0.054088,0.045867,0.037851,0.028377,0.036059,0.052148,0.068279,0.056891,0.056057,0.038732,0.033435,0.022826,0.016776,0.042042,0.077156,0.10206,0.091897,0.064236,0.050818,0.043874,0.042903,0.071541,0.086983,0.12012,0.10952,0.10611,0.078925,0.061707,0.063803,0.095353,0.038858,0.067986,0.085169,0.05779,0.083225,0.098003,0.071011,0.14507,0.2511,0.3405,0.35353,0.29132,0.21439,0.19732,0.19924,0.18319,0.099276,0.061509,0.053911,0.055595,0.051194,0.042962,0.053196,0.033521,0.03344
